2.5 5 2.44586 0.489172 47.88030413 1129.414481 0.0021656 0.005296754
2.6 5.2 2.53024 0.486584615 47.38703104 906.766055 0.0027904 0.007060382
2.7 5.4 2.59955 0.481398148 46.41307647 646.9761075 0.004018 0.010444992
2.8 5.6 2.65949 0.474908929 45.22157721 473.1851825 0.0056204 0.014947398
2.9 5.8 2.71355 0.467853448 43.9590792 363.8441942 0.007458 0.020237656
3 6 2.7654 0.4609 42.74717121 294.6930946 0.009384 0.025950514 8 0.025950514
3.1 6.2 2.81425 0.45391129 41.56021561 246.216098 0.01143 0.03216687
3.2 6.4 2.86308 0.44735625 40.47419789 212.4450908 0.0134768 0.038585157
3.3 6.6 2.9102 0.440939394 39.43574177 186.6469985 0.015592 0.045375838
3.4 6.8 2.95647 0.434775 38.46034765 166.6443082 0.0177412 0.052451326
3.5 7 3.00239 0.428912857 37.55231251 150.8405177 0.0199044 0.059760772
