2.44586 1129.414 0.0021656 0.005296754 5 0.00014079
2.53024 906.766 0.0027904 0.007060382 5.2 0.01370662
2.59955 646.976 0.004018 0.010444992 5.4 0.02325115
2.65949 473.185 0.0056204 0.014947398 5.6 0.03017459
2.71355 363.844 0.007458 0.020237656 5.8 0.03536024
2.7654 294.693 0.009384 0.025950514 6 0.03939061
2.81425 246.216 0.01143 0.032166878 6.2 0.04234281
2.86308 212.445 0.0134768 0.038585157 6.4 0.04447449
2.9102 186.647 0.015592 0.045375838 6.6 0.0457549
2.95647 166.644 0.0177412 0.052451326 6.8 0.04626995
3.00239 150.841 0.0199044 0.059760772 7 0.04605393
